destination:
  longitude: 130.960005
  latitude: 30.374283333333